900
900
0
0
0
0
0
0
0
0
0
0
0
1
17
64
189
310
366
410
459
1043
2799
5142
5452
2928
867
353
335
317
315
334
358
398
423
477
492
465
478
394
378
350
429
363
348
343
353
384
324
344
317
289
176
219
321
319
325
309
318
295
277
288
281
276
253
246
255
254
238
224
245
237
237
221
195
208
214
164
195
185
162
170
159
166
140
149
142
147
145
142
119
110
106
92
116
90
93
88
97
108
94
85
87
88
88
103
94
79
91
79
94
84
86
79
78
84
84
75
75
79
90
65
78
83
78
69
82
65
83
75
90
77
66
69
66
53
67
71
69
66
87
71
65
67
55
61
56
66
64
49
70
48
48
82
52
52
66
58
58
73
63
52
47
45
59
63
58
51
47
52
50
58
77
67
71
34
74
64
72
55
66
58
61
51
52
73
54
47
52
49
58
56
52
58
68
55
61
54
58
62
54
60
51
49
60
59
58
51
59
49
57
61
46
35
48
44
53
60
49
37
33
40
48
44
47
52
41
50
31
48
41
49
33
45
53
51
32
46
44
37
49
32
27
39
37
38
31
44
35
42
38
34
33
28
45
38
30
35
40
41
37
33
34
43
44
43
53
36
55
48
70
76
68
71
77
68
81
84
68
85
99
69
81
78
73
95
95
79
67
64
72
80
67
73
66
82
64
68
53
71
90
66
67
62
72
69
71
65
73
59
61
48
61
60
78
76
67
74
48
53
60
61
58
55
57
60
45
52
45
59
44
54
40
43
46
41
61
49
39
51
40
50
32
38
43
44
28
34
33
42
34
34
23
29
27
31
30
30
37
27
40
28
24
41
32
17
38
31
28
36
30
31
23
39
30
31
32
28
35
29
36
24
34
37
32
36
32
29
28
32
38
28
39
39
35
38
32
28
31
32
28
26
29
32
39
30
31
35
41
33
28
35
24
32
31
19
25
27
25
25
23
27
22
20
20
21
12
17
17
16
16
14
12
12
14
7
11
7
15
17
13
5
10
8
9
4
7
10
3
5
5
4
6
8
7
4
3
3
4
8
7
6
2
5
4
6
10
3
7
5
10
8
10
10
5
22
14
23
33
31
36
49
54
58
65
77
88
82
84
93
101
124
125
128
126
119
130
108
117
111
98
81
79
77
58
40
41
37
29
27
28
22
11
16
10
14
5
5
4
0
4
3
1
4
2
1
0
1
4
3
0
0
1
2
3
2
3
3
3
1
1
1
1
1
3
4
2
2
0
2
0
0
1
1
1
2
0
0
0
0
2
1
1
0
2
1
1
0
2
1
2
1
1
0
4
1
1
3
2
0
2
7
2
0
7
3
4
3
1
3
2
5
2
2
1
3
2
1
6
2
1
8
3
2
6
2
2
4
2
1
5
5
5
3
6
3
1
3
4
2
9
5
4
7
8
8
7
6
7
8
1
3
7
4
3
10
7
5
7
4
6
4
13
9
9
12
7
7
8
10
8
14
11
9
5
12
8
7
12
5
13
10
14
4
11
6
11
9
14
8
7
15
12
10
20
14
20
15
13
14
14
20
12
23
19
18
18
21
9
14
15
19
13
16
16
14
16
18
15
11
24
10
10
16
5
10
19
6
9
9
15
10
4
8
10
10
14
7
15
9
3
8
9
7
14
7
8
12
9
8
11
15
8
14
10
14
8
6
12
9
11
11
11
11
16
10
16
10
12
13
13
6
11
13
8
11
10
11
19
10
8
13
10
15
16
15
21
14
12
11
21
8
17
15
20
16
17
15
13
11
15
16
9
13
14
8
12
13
9
9
9
13
10
14
14
12
12
5
9
9
10
13
16
6
9
8
13
10
12
10
10
3
6
6
7
1
6
12
5
7
6
9
8
3
7
7
3
5
4
2
5
5
4
3
10
8
4
7
3
7
4
10
5
8
8
8
10
10
6
10
4
3
2
6
6
5
7
12
10
3
5
3
5
8
9
5
5
11
9
8
6
12
13
5
13
5
5
11
5
5
12
11
9
10
3
11
13
8
11
12
11
9
11
9
9
10
11
14
5
14
8
6
6
5
7
3
2
1
4
7
3
3
4
4
1
3
3
2
3
5
2
2
0
1
2
0
0
0
1
2
1
1
1
2
1
0
2
0
2
0
0
0
0
0
0
0
0
0
0
0
0
0
0
0
1
0
0
0
0
1
0
0
0
0
0
0
2
0
0
0
0
0
1
0
0
0
0
0
0
0
0
1
0
0
0
0
0
0
0
0
0
0
0
0
0
0
0
0
0
0
0
0
0
0
0
0
0
0
0
0
0
0
0
0
0
0
0
0
0
0
0
0
0
0
