900
900
0
0
0
0
0
0
0
16
22
53
57
61
71
74
85
76
90
109
110
120
140
171
215
268
308
302
301
266
243
221
205
229
183
189
174
152
197
189
202
194
148
167
170
155
168
162
154
151
146
142
132
160
123
145
128
127
140
130
145
102
121
95
114
114
123
90
95
113
92
97
86
90
97
88
96
73
84
83
91
77
86
98
76
86
61
71
82
66
71
47
69
65
62
59
56
62
61
66
56
51
50
64
48
43
35
36
52
37
48
43
48
37
55
59
44
41
39
49
41
41
37
36
45
41
38
39
34
28
46
43
40
26
41
30
28
25
37
20
28
22
29
19
28
32
28
26
27
23
30
29
23
22
25
24
28
24
15
25
20
33
27
25
19
19
24
15
27
30
17
29
20
21
23
16
31
23
21
23
12
24
27
19
18
23
13
17
19
21
15
14
20
14
20
15
11
11
12
17
21
22
30
15
26
32
24
23
20
21
24
22
9
15
15
11
17
14
8
12
12
13
9
20
4
17
13
12
17
13
14
15
6
14
13
19
11
7
13
10
11
12
14
7
9
17
14
7
9
9
14
4
12
4
12
12
10
6
14
7
9
15
13
15
19
11
18
10
13
11
8
3
9
14
5
5
11
4
11
7
8
14
7
9
11
13
9
7
6
14
18
8
5
5
8
9
3
7
6
11
7
11
7
9
9
7
7
6
6
4
8
10
9
9
6
5
11
11
7
8
12
7
5
4
6
8
9
4
8
9
11
11
13
5
8
12
12
8
9
7
3
11
9
10
6
4
7
7
7
6
8
8
2
10
8
3
5
6
7
8
8
7
6
4
9
4
7
7
16
8
4
11
6
9
4
10
4
6
5
8
1
1
10
10
5
13
5
7
9
2
6
2
5
3
4
11
3
12
6
6
8
11
3
3
6
7
6
5
4
8
9
4
4
6
6
1
3
6
10
3
3
3
6
12
4
6
3
3
3
3
5
2
4
4
6
9
2
4
4
5
8
2
2
4
5
0
4
3
1
3
6
3
1
6
3
2
1
4
7
2
2
2
7
5
1
8
5
2
3
6
3
3
2
3
3
2
5
1
6
10
2
6
6
6
3
5
6
3
9
6
12
9
6
4
7
8
5
9
7
10
2
9
7
4
6
8
7
8
4
4
4
1
5
1
2
4
0
0
0
0
2
2
0
5
1
6
2
1
4
4
3
1
2
3
2
2
1
5
6
3
1
1
0
2
1
2
2
2
3
3
1
0
6
2
0
3
5
3
1
0
0
2
3
2
1
1
1
1
3
1
1
4
2
2
1
1
3
2
0
0
2
1
0
4
1
1
2
3
1
1
1
4
3
4
1
2
0
2
3
1
1
0
0
2
3
1
4
2
6
3
2
0
0
4
1
3
3
0
1
0
0
0
3
0
1
1
1
1
3
2
2
4
2
1
3
2
3
2
1
2
0
3
0
0
1
3
1
5
1
0
3
1
1
0
0
0
2
1
2
1
1
0
2
1
2
1
0
0
1
2
1
1
1
2
0
0
1
2
1
1
0
0
1
1
1
0
0
0
1
3
2
1
3
1
2
1
1
1
0
0
3
2
0
2
0
5
0
1
1
0
1
1
3
3
1
2
0
1
2
2
1
0
3
0
0
3
2
1
0
2
2
1
1
0
0
0
1
1
3
1
1
0
0
1
1
2
1
0
1
1
1
0
1
1
1
0
1
1
1
2
0
0
1
0
1
0
0
2
2
0
1
4
2
1
0
2
2
1
1
0
2
1
1
1
0
0
1
2
0
0
0
0
1
2
2
0
2
0
0
0
0
1
0
0
1
0
0
0
1
1
0
0
0
1
0
0
1
0
0
1
1
0
0
0
0
0
0
0
0
0
0
1
0
0
1
0
0
0
0
0
2
0
0
0
0
0
0
0
0
1
0
0
1
0
0
0
1
0
0
0
1
1
0
0
1
1
0
1
0
0
0
1
2
1
1
1
0
1
0
2
0
1
0
1
1
1
1
2
0
0
1
0
2
0
1
3
1
0
0
1
1
0
0
0
1
1
0
0
1
0
0
0
0
1
1
0
1
0
0
0
0
0
0
0
0
0
0
0
0
0
1
0
0
0
0
0
0
1
0
0
0
0
0
0
0
0
1
0
0
0
0
0
0
0
0
0
0
1
0
0
0
0
0
0
0
1
0
0
0
0
0
0
0
0
0
0
0
0
0
0
0
0
0
0
0
0
1
0
0
0
1
0
0
0
1
2
0
0
0
0
1
0
0
1
0
0
0
0
0
0
0
0
0
0
0
0
0
0
0
0
0
1
0
0
